35493
35517
35623
35939
36095
35650
14086320194915570
36524
14086509564677538
35962
35664
14096095023550754
36139
35827
36244
14098821447103538
14097409204463866
36361
36294
14088331036295650
35874
35935
14089896128638034
36320
36222
14091729454111274
14096629706159018
35860
36292
36236
36088
35862
35541
36415
35938
36082
35692
35767
36351
35812
35458
35933
36023
35840
36312
35470
36242
36458
14091340681273434
36373
36144
36196
36002
14091699881083890
36227
35513
36270
14097995817892770
36366
14094050821704122
35678
35624
14091874881867498
35599
36467
36132
36118
36025
36063
35476
36173
35858
35716
36325
35552
36080
36149
36179
35813
35528
35466
14087551896465394
36395
36266
36137
36469
36363
36109
35719
36494
36396
36067
35853
36515
36346
36128
36485
35811
36464
36520
36207
36456
36431
36176
36053
14087743178242042
35463
14097263806838234
36328
36072
36504
35952
35721
35557
36538
14095820816492282
36358
35564
36140
36316
36122
36335
14089774147346466
36408
36204
35686
35705
35918
35720
35913
36435
36439
36480
36547
35597
36443
35770
36561
35825
36029
36231
36462
35659
36457
36478
35583
36076
36272
14087049386908410
35857
35731
35912
36432
35961
35741
35715
35472
35481
36545
35766
35700
36237
36112
35973
14090601390597146
36009
35899
36338
36331
35954
36046
35940
35584
35618
35474
35896
35643
36334
36548
36386
36074
35694
35917
14093080010259042
36108
35867
35607
35865
36121
36066
36202
36409
36156
36564
36573
36178
36212
36084
35651
36566
35909
14090554412488138
35589
35997
36235
14086120896118994
35687
14094418418273666
35792
36521
36010
36004
36541
35772
35901
36350
36390
35816
35516
35823
35926
35748
36102
35527
35634
35779
35959
36170
36209
36183
36036
35876
35783
35614
36383
36119
35480
35600
35702
35701
36175
36380
35910
36024
36513
35864
36522
36326
36308
14096869576547690
35714
36407
36146
36429
35456
35482
35988
35594
35855
35839
36344
35747
35817
36060
35999
35746
35635
35690
35737
36315
14095937274564634
36271
35554
36455
36448
36477
35989
36496
36111
35937
36483
36394
36426
36197
36353
36134
14093778152204442
35543
36243
36075
36568
36269
35706
35814
36445
36190
35670
36038
36087
36016
35693
14089729158298154
35485
35585
36414
35542
36405
36056
36425
36507
36321
35780
36349
35990
35790
35786
36100
36311
35606
35681
35984
35809
36471
36037
14097569005596954
35724
36064
35637
35611
36433
35556
36502
35904
14093731169864274
35604
36500
35915
35889
36216
36090
36359
36124
35501
36525
36220
14090952978321634
36284
35863
36307
36535
35608
35488
35652
35852
36133
36497
36508
14096690738079002
36562
35898
36528
14087113559104778
35975
35572
36283
36184
35620
35549
36539
35859
36575
35768
35929
36436
35824
35848
36092
36416
35525
36039
36411
36544
36042
35791
14088514172698554
35753
35771
36028
35758
35602
14092439457069578
35644
14095345236192874
36318
36157
14086879510434658
35895
36187
35946
36551
35515
35832
36287
35847
35897
36354
35838
35983
36352
14088224188100602
14087816254343362
36150
36529
14095167406598826
35966
36484
35732
35723
36120
36362
35601
35684
35906
14098075428051186
35765
36033
35660
36163
35641
35688
36460
35529
36401
35568
36413
36376
35787
36463
36397
36069
35535
35555
35636
35464
36534
35851
35821
36079
35530
36446
36565
14096633720564066
36313
36274
36174
36454
35461
36517
36107
35925
36206
35789
36410
36062
36531
35699
35810
35804
36489
35499
35621
35502
36418
36461
36304
35932
36377
36130
35475
36488
36365
35773
35875
35829
14090499190473626
35945
35738
36486
36268
14094423648877906
36123
36052
36567
36466
36129
36203
36226
35505
35616
36193
36131
35582
35970
35924
36117
35536
36537
35588
36474
35697
35559
36061
36542
36437
35861
36400
35919
36034
35882
35491
35871
35722
36543
36532
36434
36516
14089728105757298
35662
35504
36195
36208
36154
35617
35872
35934
36422
35800
14090528976094818
35645
35757
35462
35930
36043
14098560209499858
35657
36138
36330
36000
35730
36057
36438
36007
36526
36546
14086480083907898
36125
14088889800979706
36327
35553
36398
36444
14097262231856786
35982
36288
36482
36554
35967
35489
36559
36059
35526
35457
35490
36031
36091
35916
36073
36453
35509
36275
35691
35646
35833
36499
36180
35610
35663
35718
36194
36424
35484
36223
35985
36068
35627
36487
35673
36319
36245
14093956741842354
36475
35762
36527
35845
35826
36030
36094
36295
35503
14092333454329426
35587
35777
35619
35733
35609
36267
36219
36465
36263
36210
36145
36329
14087011703615226
35971
36552
35978
36018
36026
36384
35963
35649
14093330671208826
14098014751571434
35947
35866
36476
36238
35950
14088937370065242
35778
36560
35473
36375
36285
36177
36421
14089954484812042
36153
36557
14089261063991674
35908
36348
36427
36279
36083
14093017122913626
35907
36417
35666
35465
35995
35622
14096630674425930
36296
36041
35612
35977
36314
35951
36019
35793
35849
36360
36533
36506
36447
36495
36451
14088887746535922
14094482440720002
36078
35837
36440
35948
36293
35595
14086319936562274
36492
36169
36498
36479
35749
36265
36148
36218
35799
36093
36306
36572
36250
35532
36040
35736
36143
35676
35958
35661
35648
14093347631640170
35774
36310
35755
36472
14089688703601658
14087223522796850
36013
36104
35605
36406
36225
36540
14088241708998634
35603
36126
36224
36333
36374
36185
35640
36336
36233
35565
36555
36519
35487
35729
35577
36473
35566
36191
35763
35586
35742
36289
14094634476729378
35569
35785
14097917534787410
35682
14099985647717306
35571
36003
35740
35685
35881
36291
36563
35994
36089
35483
35974
36188
36430
35846
35972
36260
35775
36501
35677
35936
35486
35647
36345
35725
14096113711760834
36273
35745
14091159494243194
35734
36571
36536
36252
36553
35477
36211
35658
36070
35784
35665
14087881212812362
36101
35788
35905
36371
35743
36264
35567
14086386201720554
35941
35880
35508
35469
35633
35894
35927
36032
35818
35828
36347
36027
35531
36322
35570
35703
35689
35574
36290
36065
35976
35992
35615
35776
36449
35675
35957
35598
36423
36332
35960
35869
36155
36470
35830
35944
35655
36251
36459
35998
36317
36077
35928
36213
36158
36198
35471
36309
35494
36058
35704
35558
36103
35739
36232
35911
35547
35478
35993
36008
35953
35991
35844
35751
36364
36412
36512
35492
14093059967781802
35831
35539
36081
35949
35754
36022
35888
35479
36020
35850
35717
35573
36481
36450
36530
36491
35656
36382
36549
36399
36035
36468
35854
36162
36569
36142
35750
36452
36493
14095925643837714
14087201373057458
36570
35744
35873
36574
35756
35979
35540
36186
35782
36385
36505
36337
35563
36381
36305
36015
35980
35879
35890
36550
35914
36110
35815
36205
35931
35581
14095960355853242
36286
35764
36428
36189
36021
35856
35868
35514
14086821855095450
36372
36014
14095469882575618
35596
35887
36490
35674
36518
35769
35548
36556
14086431465245138
36523
35735
